4294967279,243
4294967278,241
4294967294,346
4294967294,345
4294967294,344
4294967294,343
4294967294,342
4294967294,341
4294967294,340
4294967294,339
4294967294,338
4294967294,337
4294967294,336
4294967294,335
4294967294,334
4294967294,333
4294967294,332
4294967294,331
4294967294,330
4294967279,242
4294967294,464
4294967278,240
4294967279,241
4294967278,239
4294967279,240
4294967278,238
4294967279,239
4294967278,237
4294967279,238
4294967278,236
4294967294,463
4294967279,237
4294967278,235
4294967279,236
4294967278,234
4294967279,235
4294967294,435
4294967294,393
4294967278,233
4294967279,234
4294967278,232
4294967294,434
4294967294,424
4294967279,233
4294967278,231
4294967279,232
4294967278,230
4294967294,462
4294967279,231
4294967278,229
4294967294,461
4294967279,230
4294967278,228
4294967279,229
4294967294,433
4294967294,460
4294967294,432
4294967294,425
4294967294,459
4294967294,431
4294967294,390
4294967294,458
4294967294,430
4294967294,457
4294967294,429
4294967294,456
4294967294,455
4294967294,428
4294967294,416
4294967294,427
4294967294,426
4294967294,422
4294967294,454
4294967294,417
4294967294,453
4294967294,423
4294967294,409
4294967294,413
4294967294,452
4294967294,451
4294967294,450
4294967294,449
4294967294,421
4294967294,448
4294967294,420
4294967294,419
4294967294,418
4294967294,407
4294967294,399
4294967279,228
4294967278,227
4294967279,227
4294967278,226
4294967279,226
4294967278,225
4294967279,225
4294967278,224
4294967279,224
4294967278,223
4294967279,223
4294967278,222
4294967279,222
4294967278,221
4294967279,221
4294967278,220
4294967279,220
4294967278,219
4294967279,219
4294967278,218
4294967279,218
4294967278,217
4294967279,217
4294967278,216
4294967279,216
4294967278,215
4294967279,215
4294967278,214
4294967279,214
4294967278,213
4294967279,213
4294967278,212
4294967279,212
4294967278,211
4294967279,211
4294967278,210
4294967279,210
4294967278,209
4294967279,209
4294967278,208
4294967279,208
4294967278,207
4294967279,207
4294967278,206
4294967279,206
4294967278,205
4294967279,205
4294967278,204
4294967279,204
4294967278,203
4294967279,203
4294967278,202
4294967279,202
4294967278,201
4294967279,201
4294967278,200
4294967279,200
4294967278,199
4294967279,199
4294967278,198
4294967279,198
4294967278,197
4294967279,197
4294967278,196
4294967279,196
4294967278,195
4294967279,195
4294967294,415
4294967294,414
4294967294,186
4294967294,403
4294967294,412
4294967278,194
4294967279,194
4294967293,131
4294967293,130
4294967293,129
4294967293,128
4294967293,127
4294967293,126
4294967293,125
4294967293,124
4294967293,123
4294967293,122
4294967293,121
4294967293,120
4294967293,119
4294967293,118
4294967293,117
4294967293,116
4294967293,115
4294967293,114
4294967293,113
4294967293,112
4294967293,111
4294967293,110
4294967293,109
4294967293,108
4294967293,107
4294967293,106
4294967293,105
4294967293,104
4294967293,103
4294967293,102
4294967293,101
4294967293,100
4294967293,99
4294967293,98
4294967293,97
4294967293,96
4294967293,95
4294967293,94
4294967293,93
4294967293,92
4294967293,91
4294967293,90
4294967293,89
4294967293,88
4294967293,87
4294967293,86
4294967293,85
4294967293,84
4294967293,83
4294967293,82
4294967293,81
4294967293,80
4294967293,79
